           1           1           1           1
  7.5130E-01  0.0000E+00  6.5996E-01  2.5927E-01
  7.9109E-01  0.0000E+00  6.1171E-01  5.1431E-01
  8.2563E-01  0.0000E+00  5.6421E-01  7.6147E-01
  8.5480E-01  0.0000E+00  5.1896E-01  9.9806E-01
  8.7892E-01  0.0000E+00  4.7698E-01  1.2224E+00
  8.9862E-01  0.0000E+00  4.3873E-01  1.4339E+00
  9.1461E-01  0.0000E+00  4.0433E-01  1.6326E+00
  9.2759E-01  0.0000E+00  3.7361E-01  1.8188E+00
  9.3813E-01  0.0000E+00  3.4629E-01  1.9933E+00
  9.4674E-01  0.0000E+00  3.2201E-01  2.1569E+00
  9.5381E-01  0.0000E+00  3.0042E-01  2.3106E+00
  9.5966E-01  0.0000E+00  2.8118E-01  2.4552E+00
  9.6453E-01  0.0000E+00  2.6399E-01  2.5915E+00
  9.6861E-01  0.0000E+00  2.4858E-01  2.7202E+00
  9.7206E-01  0.0000E+00  2.3472E-01  2.8421E+00
  9.7500E-01  0.0000E+00  2.2220E-01  2.9577E+00
  9.7751E-01  0.0000E+00  2.1087E-01  3.0676E+00
  9.7968E-01  0.0000E+00  2.0056E-01  3.1722E+00
  9.8156E-01  0.0000E+00  1.9116E-01  3.2721E+00
  9.8320E-01  0.0000E+00  1.8256E-01  3.3675E+00
  9.8463E-01  0.0000E+00  1.7466E-01  3.4588E+00
  9.8589E-01  0.0000E+00  1.6739E-01  3.5464E+00
  9.8701E-01  0.0000E+00  1.6068E-01  3.6306E+00
  9.8800E-01  0.0000E+00  1.5446E-01  3.7115E+00
  9.8888E-01  0.0000E+00  1.4870E-01  3.7893E+00
  9.8967E-01  0.0000E+00  1.4333E-01  3.8644E+00
  9.9039E-01  0.0000E+00  1.3833E-01  3.9369E+00
  9.9103E-01  0.0000E+00  1.3365E-01  4.0070E+00
  9.9161E-01  0.0000E+00  1.2928E-01  4.0747E+00
  9.9214E-01  0.0000E+00  1.2517E-01  4.1403E+00
  9.9261E-01  0.0000E+00  1.2131E-01  4.2039E+00
  9.9305E-01  0.0000E+00  1.1768E-01  4.2656E+00
  9.9345E-01  0.0000E+00  1.1426E-01  4.3255E+00
  9.9382E-01  0.0000E+00  1.1102E-01  4.3837E+00
  9.9416E-01  0.0000E+00  1.0796E-01  4.4403E+00
  9.9447E-01  0.0000E+00  1.0506E-01  4.4953E+00
  9.9475E-01  0.0000E+00  1.0231E-01  4.5490E+00
  9.9502E-01  0.0000E+00  9.9699E-02  4.6012E+00
  9.9526E-01  0.0000E+00  9.7216E-02  4.6521E+00
  9.9549E-01  0.0000E+00  9.4851E-02  4.7019E+00
  9.9570E-01  0.0000E+00  9.2598E-02  4.7504E+00
  9.9590E-01  0.0000E+00  9.0448E-02  4.7978E+00
  9.9609E-01  0.0000E+00  8.8394E-02  4.8441E+00
  9.9626E-01  0.0000E+00  8.6430E-02  4.8893E+00
  9.9642E-01  0.0000E+00  8.4551E-02  4.9336E+00
  9.9657E-01  0.0000E+00  8.2751E-02  4.9770E+00
  9.9671E-01  0.0000E+00  8.1025E-02  5.0194E+00
  9.9685E-01  0.0000E+00  7.9369E-02  5.0610E+00
  9.9697E-01  0.0000E+00  7.7779E-02  5.1017E+00
  9.9709E-01  0.0000E+00  7.6251E-02  5.1416E+00
  9.9720E-01  0.0000E+00  7.4781E-02  5.1808E+00
  9.9731E-01  0.0000E+00  7.3366E-02  5.2192E+00
  9.9740E-01  0.0000E+00  7.2003E-02  5.2569E+00
  9.9750E-01  0.0000E+00  7.0690E-02  5.2939E+00
  9.9759E-01  0.0000E+00  6.9423E-02  5.3302E+00
  9.9767E-01  0.0000E+00  6.8201E-02  5.3659E+00
  9.9775E-01  0.0000E+00  6.7021E-02  5.4010E+00
  9.9783E-01  0.0000E+00  6.5880E-02  5.4355E+00
  9.9790E-01  0.0000E+00  6.4778E-02  5.4694E+00
  9.9797E-01  0.0000E+00  6.3712E-02  5.5027E+00
  9.9803E-01  0.0000E+00  6.2680E-02  5.5355E+00
  9.9810E-01  0.0000E+00  6.1680E-02  5.5678E+00
  9.9816E-01  0.0000E+00  6.0712E-02  5.5995E+00
  9.9821E-01  0.0000E+00  5.9774E-02  5.6308E+00
  9.9827E-01  0.0000E+00  5.8864E-02  5.6616E+00
  9.9832E-01  0.0000E+00  5.7981E-02  5.6919E+00
  9.9837E-01  0.0000E+00  5.7124E-02  5.7218E+00
  9.9841E-01  0.0000E+00  5.6292E-02  5.7512E+00
  9.9846E-01  0.0000E+00  5.5484E-02  5.7803E+00
  9.9850E-01  0.0000E+00  5.4698E-02  5.8089E+00
  9.9854E-01  0.0000E+00  5.3935E-02  5.8371E+00
  9.9858E-01  0.0000E+00  5.3192E-02  5.8649E+00
  9.9862E-01  0.0000E+00  5.2469E-02  5.8923E+00
  9.9866E-01  0.0000E+00  5.1766E-02  5.9194E+00
  9.9869E-01  0.0000E+00  5.1081E-02  5.9461E+00
  9.9873E-01  0.0000E+00  5.0414E-02  5.9724E+00
  9.9876E-01  0.0000E+00  4.9764E-02  5.9984E+00
  9.9879E-01  0.0000E+00  4.9131E-02  6.0241E+00
  9.9882E-01  0.0000E+00  4.8513E-02  6.0495E+00
  9.9885E-01  0.0000E+00  4.7911E-02  6.0745E+00
  9.9888E-01  0.0000E+00  4.7324E-02  6.0992E+00
  9.9891E-01  0.0000E+00  4.6750E-02  6.1237E+00
  9.9893E-01  0.0000E+00  4.6191E-02  6.1478E+00
  9.9896E-01  0.0000E+00  4.5644E-02  6.1717E+00
  9.9898E-01  0.0000E+00  4.5111E-02  6.1952E+00
  9.9901E-01  0.0000E+00  4.4589E-02  6.2185E+00
  9.9903E-01  0.0000E+00  4.4080E-02  6.2416E+00
  9.9905E-01  0.0000E+00  4.3582E-02  6.2643E+00
  9.9907E-01  0.0000E+00  4.3095E-02  6.2869E+00
  9.9909E-01  0.0000E+00  4.2619E-02  6.3091E+00
  9.9911E-01  0.0000E+00  4.2153E-02  6.3311E+00
  9.9913E-01  0.0000E+00  4.1697E-02  6.3529E+00
  9.9915E-01  0.0000E+00  4.1251E-02  6.3745E+00
  9.9917E-01  0.0000E+00  4.0814E-02  6.3958E+00
  9.9918E-01  0.0000E+00  4.0387E-02  6.4169E+00
  9.9920E-01  0.0000E+00  3.9968E-02  6.4378E+00
  9.9922E-01  0.0000E+00  3.9558E-02  6.4584E+00
  9.9923E-01  0.0000E+00  3.9156E-02  6.4789E+00
  9.9925E-01  0.0000E+00  3.8762E-02  6.4991E+00
  9.9926E-01  0.0000E+00  3.8377E-02  6.5191E+00
